03048	40.6	-11.8
03055	39.6	-22.8
03060	29.1	-21.9
03062	28.4	-28.6
03758	36.3	-14.2
03761	33.1	-15.9
04126	35.2	-24.5
04128	37.3	-29.7
04131	30.8	-35.6
04137	34.0	-38.4
04139	32.9	-21.8
04140	33.0	-30.7
04223	34.7	-11.9
04236	39.4	-10.1
12987	42.8	-3.2
21514	18.9	-3.8
22016	42.3	-7.2
23802	33.5	-8.4
23907	40.1	-9.3
23909	38.4	-20.4
25381	26.2	-13.4
26494	29.0	-38.7
26562	27.2	-38.1
26564	25.1	-41.0
27516	21.0	-39.6
37201	26.7	-47.3
53131	45.3	-3.2
53139	51.8	1.9
53151	42.4	3.2
53155	37.3	-16.5
53182	39.5	-22.7
53878	31.8	-13.9
53926	40.3	-18.4
53960	34.5	-5.3
53968	37.4	-10.5
54794	33.9	-25.0
54796	33.0	-18.7
54808	34.8	-23.9
54811	35.0	-24.9
54903	32.6	-23.8
54932	31.9	-32.3
63826	34.7	-6.3
63828	34.7	-6.9
63831	33.8	-9.5
63855	30.8	-17.6
63857	32.4	-11.1
63862	31.7	-13.3
63868	34.9	-12.7
63891	33.9	-8.5
63893	33.7	-9.2
63895	33.7	-14.4
63897	35.0	-8.5
63899	33.8	-6.3
64757	32.1	-28.4
73801	35.7	-10.0
73803	34.0	-9.1
92826	37.1	4.6
93243	41.5	-6.1
93245	30.9	0.9
94059	37.6	-33.0
94060	39.6	-40.6
94075	26.5	-29.9
94077	39.3	-31.0
94079	38.7	-23.9
94080	38.7	-33.2
94082	37.3	-23.7
94084	33.7	-37.8
94088	31.0	-24.8
94644	33.1	-30.5
94996	37.9	-24.3
96404	34.4	-38.6
96406	30.0	-43.2
96408	24.3	-34.0
