03047	43.3	-7.0
03054	42.3	-20.0
03061	30.8	-16.6
03063	38.5	-27.3
03067	40.4	-21.1
03072	42.0	-12.3
03074	41.5	-11.3
03728	34.3	-4.6
03733	27.0	-22.7
03739	34.6	-11.1
03759	34.4	-13.7
04125	40.5	-20.3
04127	37.0	-26.9
04130	32.6	-38.1
04136	37.1	-26.4
04138	37.7	-26.7
04141	31.2	-5.4
04222	45.4	-4.7
04237	35.6	-5.0
04990	35.7	-29.6
04994	31.8	-37.0
13301	34.0	-22.5
21515	29.9	12.1
23801	33.5	-7.4
23803	35.0	-16.1
23904	35.2	-14.1
23906	37.4	-12.5
23908	35.6	-16.0
25379	24.6	-12.4
25380	22.2	-22.5
25382	22.6	-19.8
25522	23.0	-33.9
25630	20.1	-11.5
25711	15.0	-19.4
26563	25.2	-37.4
26565	26.5	-38.9
26655	25.1	-34.7
53132	41.0	-10.0
53136	43.3	-5.0
53138	34.8	-22.4
53149	35.3	-17.1
53150	31.2	-10.2
53152	34.5	-0.2
53154	48.9	-0.2
53877	32.4	-15.4
53927	39.2	-19.5
53961	35.7	-9.5
53974	40.2	-21.5
54795	34.0	-24.8
54797	33.0	-19.9
54810	30.8	-26.0
54854	32.0	-22.2
54856	32.0	-18.4
54902	35.9	-27.0
54933	37.6	-33.2
54937	35.7	-34.4
56401	29.0	-39.7
63829	34.8	-5.9
63838	33.0	-16.5
63849	34.0	-14.6
63850	35.0	-7.5
63856	34.9	-2.2
63858	34.4	-8.6
63867	33.9	-13.4
63869	34.4	-5.5
63892	34.4	-8.7
63894	35.4	-13.1
63896	34.3	-12.5
63898	33.0	-18.3
64756	33.4	-21.8
64758	31.0	-23.9
73802	33.8	-8.8
92821	34.9	1.7
92827	36.1	0.0
94074	37.4	-30.0
94078	34.1	-21.6
94081	39.9	-36.1
94085	40.0	-30.0
94645	31.7	-30.5
94995	36.8	-26.9
96405	25.2	-17.5
96407	29.1	-42.0
96409	12.7	-31.6
